method,rmse,max_dev,m00,m01,m02,m03,m10,m11,m12,m13,m20,m21,m22,m23,m30,m31,m32,m33
HORAUD,0.003440814,0.007756074,-0.709471170444,0.704638539066,0.011627019079,0.0559754745877,-0.704610792752,-0.708941057598,-0.0304336588203,-0.0134518909658,-0.013201857687,-0.0297843266748,0.999469161524,0.0615361080598,0,0,0,1
PARK,0.003441843,0.007762596,-0.709522089302,0.704589093757,0.0115158044022,0.0559830766205,-0.704555860054,-0.708988500001,-0.0305997864401,-0.0134412385538,-0.0133957029076,-0.029824751882,0.999465376748,0.0615497653539,0,0,0,1
TSAI,0.003490177,0.007357303,-0.706519749312,0.707623949867,0.00990905681766,0.0560792127443,-0.707482519212,-0.705898316198,-0.0342936174702,-0.0124046000159,-0.0172721985268,-0.0312396024984,0.999362676106,0.0616535297497,0,0,0,1
DANIILIDIS,0.003625865,0.007794689,-0.707212102268,0.706936331985,0.00959504695672,0.0553724146571,-0.706796586442,-0.706615387227,-0.0336642232511,-0.0122521277613,-0.0170184546834,-0.0305894925323,0.999387139775,0.060837575538,0,0,0,1
ANDREFF,0.004352447,0.010115140,-0.708913866738,0.705203807606,0.0113454521421,0.0523836523163,-0.705162941306,-0.708378003599,-0.030754352941,-0.0134045607185,-0.0136512180561,-0.0298025796654,0.999462580836,0.0716524404647,0,0,0,1
